02678
15304
01371
26916
07066
13013
07714
10268
05103
16631
15338
00721
26080
14754
03228
04221
12443
22580
13985
19516
21089
06436
07728
18608
27361
08382
21738
24654
15489
16180
10297
07933
13946
03002
17077
15112
08625
20817
07270
04779
05467
01629
27188
00537
10042
08619
22769
21260
25012
04962
25984
14581
01832
13588
12696
26527
15714
19648
19890
04143
12721
10136
24287
18218
10644
25614
19853
06797
15099
14387
16590
17856
05705
15502
08235
00669
07660
18998
05739
10452
23932
27567
23715
16786
17498
12286
13198
18967
26136
07846
16787
26644
14190
05923
18782
21103
21671
08208
14153
16744
01238
27599
00126
10453
05738
04426
23099
00668
17314
08234
01576
13614
18999
18741
16778
16591
24245
03822
10686
25167
08793
10862
25615
02527
26491
21498
07339
04630
15729
16220
05512
02269
15715
06769
03956
02490
20631
01833
21513
04963
26268
27176
03995
02453
00244
25946
26297
01628
10043
05328
12654
22797
00278
03771
18351
07271
20816
11413
09248
05314
07503
26042
15488
24655
13947
23884
18812
05857
04591
07098
21077
23660
09937
18184
03229
25588
20396
06437
19517
23847
06345
11639
05894
12330
01402
08432
07067
18147
18151
21908
16168
06353
05882
26097
16154
06421
20380
12454
05128
13992
02874
09921
21713
18192
23104
14964
27438
24643
14780
23892
15105
13212
05470
24496
16342
26281
09262
10055
07529
15139
03983
00252
19065
25777
08829
16381
15850
24455
12859
22742
12681
10096
03940
22030
00468
25818
09458
05504
02243
00454
01992
16236
19663
02531
16544
09464
17882
20790
19844
06964
18582
04801
01951
19878
20021
12087
20753
03405
01560
13602
18757
07677
25398
26691
16752
19307
07139
21840
18019
11983
04430
22391
11029
04342
02900
23070
14810
25415
21115
26652
14186
15298
12291
22352
10486
20545
26120
04381
13825
07850
18971
09868
05934
12290
27203
25414
14811
13818
21114
26690
26848
14144
11982
19306
17303
08223
01561
06568
11014
13603
05713
17840
10691
10849
12086
22145
26337
06781
04196
05288
21470
15919
18583
06965
09465
01039
12045
22186
19110
20949
06030
09317
25825
04155
03612
16579
18232
15702
07460
13415
04790
11389
12858
27613
04974
10901
21504
23461
21276
04753
06144
09263
25951
19716
01171
17713
05471
13213
03014
01603
18434
14959
24642
23893
00086
18193
09075
27388
00737
14742
12455
10242
00045
09049
15312
17505
11612
05139
10252
09717
10520
15470
03212
18632
05105
15302
01377
24652
07935
13940
02681
00096
01388
11825
05850
26079
08384
18829
07909
04743
12121
06154
19074
14544
18418
20187
06168
03004
17071
11366
05313
13571
24336
03951
25028
02497
08804
26521
00280
20636
21528
04958
08192
12874
21266
06801
16555
20959
01983
10130
09449
16569
01015
17677
07302
18222
05515
05267
15935
01798
26327
01940
27039
06949
19869
06791
23539
08794
23277
21460
14626
15538
07882
06544
26858
25389
07128
15276
14168
09887
26864
17461
11776
18034
05703
02087
25438
26131
00848
21138
22431
11951
14801
23713
08582
25377
05919
15288
14196
03398
22430
13835
20227
06586
21139
01202
08540
03415
14169
05702
07115
18035
11777
08232
13612
06579
11005
16742
18009
21688
15539
14627
09110
06545
19465
07883
25161
21461
22168
27038
24531
15934
23538
04187
20031
06948
08971
26454
15713
19897
18551
17676
15061
13376
05514
12068
25834
02253
00444
01982
06753
13438
04144
09474
05528
10086
26520
02496
03950
03788
22020
04959
06196
01612
03005
13570
18425
07505
15115
19049
10045
14237
15129
09500
16420
10737
06155
12120
09931
25571
26736
04597
23128
11824
20421
14790
08434
26911
05676
11603
09058
17266
03213
24874
12478
00054
17528
19263
04554
23699
14745
21098
15329
09700
10537
08350
24862
15467
13770
05112
26907
13002
16191
23894
18802
00081
02696
03588
06396
20437
24679
14962
00917
08393
09927
03985
17728
09516
06143
19063
13228
04754
25956
26287
27199
10053
05338
17714
22963
13566
18433
11371
01189
08813
17933
27628
00297
23328
20621
12687
08185
22778
07329
12042
25822
14427
00452
09310
01002
08740
14369
07315
11577
01770
22817
19659
26442
24255
00491
15922
20027
07498
25177
02053
09106
17338
19473
12526
04344
02721
01228
19301
11013
01214
09648
05714
11761
18023
07103
26126
23738
06590
16797
14180
02906
25361
27576
21661
26669
22369
21112
20230
23739
09649
01215
17477
08557
18022
05715
12269
09675
27588
24081
05729
04437
11984
08219
00645
09107
12527
07894
19472
10330
12916
24268
25176
23261
21476
10873
25638
24526
00490
26331
07499
22631
13413
15076
03614
14368
01003
08999
07314
10668
05503
00453
14426
16543
21489
08184
06817
25002
16386
24320
26537
08812
05488
15670
16379
12679
08635
13215
15894
16806
24678
21066
20378
00080
20436
07089
06397
04580
05846
12490
13956
15314
01361
19248
18156
03204
17271
07704
05113
13771
09701
15328
14036
04543
05885
21933
10244
08336
09028
11101
12408
15373
01306
08444
09982
17564
18131
07011
05606
13064
04256
05148
10223
20492
25501
08487
09941
09799
25273
02814
26034
07944
06482
04295
14092
02419
15165
17772
08652
06119
20860
07207
05410
15617
17000
19993
09570
12150
11459
10747
16322
09202
14535
03049
02357
12622
18469
19777
17969
25065
23372
01879
24347
01845
06694
04083
12839
15011
17606
17174
08054
01716
18521
04108
05216
00346
14333
03897
02551
05558
12024
04646
10633
09376
25844
12756
03868
18290
09389
27074
15978
12971
19824
03854
24233
10828
03317
15575
01500
17362
11075
06509
16040
15549
16732
00805
14870
23762
09835
16083
16929
11920
16928
02785
04492
22333
11921
25448
10395
20518
25474
14871
13878
14124
02746
26828
10424
12233
04451
05997
11048
10356
15206
03316
18736
15945
19819
17820
10829
25662
15979
08096
27075
09388
19825
12970
26419
14440
15986
20083
22694
14332
00347
04647
05559
17175
03100
07400
11262
08727
12019
15831
22723
04082
12804
25064
08690
08848
17968
10961
23373
04914
03048
14534
00541
09203
18468
04041
12623
15158
13501
05363
07574
08653
03706
02418
27459
12384
10593
00794
24622
04294
22535
18865
06483
07945
09940
16860
27465
23165
18859
12435
17565
00019
09983
26960
01307
18130
17217
14708
09995
05611
13073
06318
16123
07990
06456
07748
18668
04241
23826
12423
09771
20308
21016
19589
02803
08490
00782
24634
02195
22523
26989
12392
10585
17765
15172
05407
07210
08137
13517
11300
14522
06898
06640
19760
12635
05349
25072
08686
10977
23365
12812
14293
22047
15827
06683
15774
05201
06708
03880
00351
06046
14456
12966
00392
08916
04692
22133
08255
05017
13675
17407
01265
15210
08269
12557
02750
09605
16725
05981
04447
09188
24740
12594
00184
05942
04484
00185
20533
04485
08297
14133
02751
12224
05758
08526
11711
24966
08254
07601
04308
24225
17837
08917
20725
04693
27062
25675
19832
23210
20719
09360
04122
06735
00350
02547
12032
15775
17162
07417
11275
02382
01853
20123
22734
04095
24351
25073
01890
09214
01648
02341
14523
12634
19761
06641
12146
10751
10989
17764
07211
11473
13264
04718
16693
21759
00783
06494
07952
02802
25265
21942
09002
14735
23827
04240
07749
07991
15365
26977
17572
08452
07007
16640
24194
15349
10557
21952
11649
06335
04250
06447
03517
17562
15407
14719
10219
05172
25249
26998
16683
21991
05827
12383
06484
07942
23162
00977
24619
14902
20319
14533
02351
19771
17748
00234
16456
17990
14241
06123
10741
15611
09238
16318
08126
07573
18453
05364
13506
05416
14282
24341
17953
20641
20899
12195
23406
12803
21211
18490
09589
04913
10966
02225
15759
14447
15981
12750
06725
19605
10147
03649
02557
03891
18269
11265
07407
14309
03675
07375
25881
24547
15942
25659
26350
02594
17827
10812
18296
12234
10423
09166
00624
17358
13880
15201
08536
26813
03311
26634
27258
18916
23758
23980
09833
22308
09198
27265
25300
26609
24750
22447
23759
10393
07837
24977
07610
26812
08537
07162
14888
02032
00625
06532
19412
20293
10350
13659
13881
22484
12547
14122
00157
25116
19189
04866
19823
06095
01936
24546
14485
15016
05563
11516
18254
17173
06056
04899
15980
25843
02224
20085
12751
04133
06877
17952
08872
16494
03927
14283
23349
12194
01117
20867
17007
01665
15610
03072
13507
05365
11310
16457
00235
08669
20683
06122
22094
04047
21006
23611
25274
18863
16682
03264
13711
11106
13063
05601
11674
07016
14056
16641
09761
06334
11890
21953
12341
24183
09777
19202
06322
12357
00747
09993
08455
05617
13075
11662
08327
01465
16119
13707
07772
02839
14083
05830
10583
11845
14929
02193
27475
21010
25921
02434
14256
06134
04723
12141
17011
08131
14518
15606
10018
19982
02408
19028
18336
24424
08864
16482
17944
24356
04938
12182
10795
21548
19799
18487
23411
17978
21574
02232
14450
25855
15996
08079
06732
10150
13459
06040
05549
17165
15772
03110
09429
01075
18242
20905
26347
01920
25896
22647
23559
06929
10193
19809
24222
04694
10839
15969
25100
02756
00141
06524
22492
04333
03474
11716
18054
10408
24961
05011
07606
06518
25458
12592
23997
22451
18901
10385
21616
23001
13868
21165
25317
20509
24747
25459
26150
13855
09819
26622
04483
02019
18727
03475
17400
10409
11717
05762
13100
14647
19405
10347
09602
12222
26408
03878
04871
02582
17831
00395
22134
27058
16285
19808
08736
18243
12008
07411
19161
26385
09366
12746
13458
04124
10151
06733
08859
25075
23410
12815
06860
19940
19798
21207
24357
10794
01855
00593
03065
19983
05372
17986
14257
10757
06135
16332
26018
25511
23606
24633
26024
02838
11844
20441
12395
05831
23148
15411
16118
01464
18653
11111
12418
15363
03501
04246
07997
16656
26795
02623
14041
12356
06323
11887
01455
16129
18662
26798
16883
26940
17545
05627
04539
13045
07030
11652
21791
16115
10202
04277
12415
09747
13079
04505
23637
25252
15391
16698
21752
13086
12398
18845
27479
24170
05800
17753
08673
10982
07554
14514
09223
00561
10014
07568
04061
22918
14299
08868
21544
20882
11487
23353
13290
25736
27121
05380
17974
22071
15811
24414
00429
01737
12993
22850
04129
05237
11242
07420
14312
02570
09425
06070
20909
05579
15959
16288
11281
23555
26405
03875
22105
23569
08263
27280
17343
24951
02028
05021
18716
20289
07636
11054
19408
04303
09633
06266
18058
25454
14689
17380
11097
02799
20538
21626
09182
26161
24776
26613
09828
22313
05974
16909
26612
18930
17381
27242
15596
14850
13859
23742
10388
00170
26809
14105
03479
02767
12212
04470
18059
10405
07179
15569
02015
23965
07145
11727
05752
13130
15555
25496
24788
03337
06529
11055
07637
05020
26376
03874
26404
19192
22104
15958
01087
08048
25864
12776
13468
04666
12004
05578
06071
25680
26389
18501
07421
23597
20934
20115
19794
22702
02388
23420
19970
17791
15186
14298
04935
10940
10798
16302
14515
12602
07569
06105
11479
15637
17020
01642
15145
17752
18307
07227
20840
10983
19019
05430
02808
18844
19582
13911
16699
02834
15390
12399
23144
11848
11690
05197
01468
09034
04276
10203
15353
03531
11653
09008
05142
01330
26957
18107
07027
05630
09022
03269
12402
10215
07769
18649
15379
21962
27452
09977
15386
02822
24615
20315
18852
22502
25090
00238
17744
01126
10995
18311
04738
13244
05426
03043
15621
01654
17036
22933
08658
13278
16314
00576
19999
19741
15190
12199
04923
23344
10956
20895
00589
21221
19966
24371
01873
01052
02229
24588
03137
17142
01720
20088
09432
14305
07379
10605
01091
23230
17181
12947
13481
06932
03862
17817
19184
22112
03321
14885
15543
17354
18701
05036
26823
08506
13126
05744
00614
23973
09624
12204
06271
16089
00833
24985
12589
11080
21143
05787
04499
07190
24013
26604
11916
19392
05963
26605
19393
09194
13872
07807
03491
02957
16088
11081
14112
01279
09625
00167
10412
12205
16739
08275
24947
25481
03320
13655
05037
11042
01906
22661
17816
03863
15797
14489
17180
11297
21354
10823
05590
14476
19146
07378
12013
17143
03136
02228
05221
13443
06728
19608
05553
07344
10638
22715
19783
20670
06847
05396
25052
15191
11491
10957
14502
00577
19998
04077
05369
06884
03730
25091
05427
13245
04739
23386
21591
24166
25278
05816
13906
02823
14099
17590
11687
23153
11678
04513
00761
18648
10214
03526
05631
07026
18106
14728
15368
09741
16661
09999
10576
27480
24189
05621
06328
11654
03244
05153
10238
25268
21768
11873
20304
11697
10589
25526
14923
01490
21026
10012
04067
02402
14260
08649
17769
00215
06102
19022
10760
13269
04715
09219
13527
07552
06894
11330
00229
17755
15142
09594
07591
22739
15181
17796
14466
11278
12771
17153
01731
15744
01043
17621
14328
04885
10628
01916
24566
24214
25136
03697
10833
01269
14670
16067
08259
19432
16729
15220
03442
13137
18062
13645
27279
09184
23779
20270
03481
25320
26629
16932
22329
13686
00823
00189
25321
02946
07180
24771
26166
20271
13863
14895
09608
08516
05754
13136
17378
16066
04304
06513
01081
25137
02588
05581
20729
07396
10832
13491
17807
19194
24567
26370
21379
20067
14329
18275
10629
13320
24598
07427
06739
11245
12994
13452
25862
12770
10167
19625
25043
13297
00599
25731
05387
07590
03906
24361
09595
08853
08674
09218
06895
18473
22923
05344
16476
14261
02403
04714
10761
06103
14513
03286
06498
24605
13917
26760
09783
11872
05807
14739
03245
00994
11127
02629
16884
19209
10205
00002
16660
09740
02615
14077
12360
06315
21972
16676
17568
12376
13068
10561
06303
15343
17554
21958
18101
08306
16138
00982
09018
07753
13726
05144
12438
02818
09795
11864
07974
15380
26038
00941
05187
04299
07790
18868
21031
16312
00570
16460
15169
06115
10777
14539
01652
10039
06883
05352
11455
10993
13242
25069
03910
08845
04919
01691
02398
25727
12835
07586
25055
13281
11496
10950
00404
16266
25874
04104
12766
14303
26399
11253
12982
05226
20924
04892
03864
22114
13487
12941
26428
01097
05597
10367
06505
11079
08500
17420
11737
10429
15545
02039
14883
19419
25479
26170
09193
22470
09805
05781
06288
17391
00835
15586
14840
24982
13690
24028
16924
27521
05958
23021
00808
24766
25478
13874
20266
07801
16918
08273
13653
02992
14128
05743
18074
15578
19424
25120
21420
04850
05596
23237
15949
15975
19829
06909
20070
16529
05555
18262
07342
17145
15752
22698
09435
10602
02212
08059
10170
19632
17780
24438
02399
01848
27131
06841
12834
17964
26561
09582
12808
20689
19008
01653
15626
05353
06882
14276
16461
11468
25901
12613
25530
27327
21030
18869
23627
05186
22539
09970
11859
13096
18855
09794
27469
05810
20460
00983
16139
01445
03252
15430
05145
18672
11130
08475
05637
08449
16677
06302
10560
01350
26937
02659
05888
07047
19279
12310
04572
14775
06417
07709
04200
23132
05693
15494
14952
23898
13967
08176
13556
12890
01146
03989
13224
05446
11433
25966
14563
02301
16374
09254
00516
11382
12853
25033
05485
24463
03976
17122
08002
15735
19669
11235
06749
08770
13350
14417
03619
02507
08994
09452
07319
04610
07494
12927
24259
11584
13393
18588
21309
08957
22172
20765
17446
16980
15251
03433
21692
01556
08214
03341
15523
13634
07899
01218
16764
19331
06211
10473
12516
13608
16943
27234
00853
07682
23734
08599
20573
26116
13813
07866
19481
23709
09686
03383
14827
07683
21122
11793
09645
14172
05719
10472
19330
03340
17335
18760
04349
05057
08567
24264
09490
20764
22173
15085
23251
01782
25634
23523
07495
09453
14364
03618
12073
09321
04163
14358
17651
02248
06990
11234
05241
13423
26507
24462
26275
08188
20162
10937
17094
22749
13219
10710
09255
16375
04017
17725
00259
07250
20837
11432
04981
05447
15640
01635
18833
24890
11195
05692
23133
07085
09043
03208
14774
12463
07708
10274
16611
02664
14006
19244
21903
10248
11156
13999
13741
08413
01351
06358
07046
18166
05889
15332
00059
18170
08377
13757
00065
19252
01409
12475
23870
06400
10262
02855
05684
11829
26049
07939
11183
02869
23119
24662
09096
08388
20362
07905
22575
22944
15124
01151
07246
05451
16363
25971
03008
12663
22978
11418
01838
15695
20148
27633
05492
01804
25018
04968
15722
03140
17135
00449
08015
11222
07440
05257
09337
25805
04175
01019
16565
14372
04607
06010
05294
12930
23535
17684
03829
20996
03815
08798
26465
09486
27592
11746
07124
18776
11034
05041
13623
16773
04411
14616
15508
24058
25434
13838
05082
07695
09690
26673
18789
07870
24065
05915
20565
03394
23722
15284
11009
10317
16772
26869
18039
19327
24930
13622
07657
18777
15247
21684
19858
25151
11592
04821
13385
27034
00306
20968
10673
04606
14401
16216
08766
09478
01756
08014
00448
04148
11223
17915
18398
24475
15870
25025
07284
24449
12845
14207
16410
14575
19737
10075
18429
08612
17732
04996
06159
27183
11357
08389
24663
25233
01385
09901
16821
27424
23124
16174
10263
06401
09726
12306
14987
07051
00706
14001
08428
21904
10501
12316
04574
08366
09078
05124
26931
05656
13034
07041
22564
20373
18834
20401
14954
15492
11192
22558
13785
05695
15109
14217
06607
19069
01632
17050
14559
15647
25784
22955
10059
26500
24317
03970
18388
20617
12869
01183
23322
24459
01829
20159
06001
04616
02273
08038
09326
13418
09468
15041
07323
01746
22821
09497
27018
20011
15082
03838
21441
10844
20987
22148
04831
15928
01785
19874
15519
10307
06565
11019
00100
16762
05050
27583
08560
17440
14149
03435
05722
11757
18015
10449
26110
21119
19486
25425
07684
25357
17483
21657
17482
15295
02931
05938
23041
21656
01592
24074
25418
00868
03434
14148
15256
17441
07134
10448
11756
19478
23928
04373
12511
25632
04830
10845
21440
27019
01960
26307
19849
06969
07450
11232
05247
03622
08777
17657
09469
11540
07322
12049
09327
08039
14410
00317
02500
19120
01828
27151
06821
27623
25034
05482
03971
17904
08824
21508
20616
01633
11346
10058
05333
07256
05441
02306
19726
02474
15108
04763
10716
11408
03583
02845
26059
25550
18809
24100
05870
09086
17535
18160
24855
17247
08367
12459
23684
08429
00075
16617
14000
12317
04207
04211
06406
14016
04563
21913
19254
06374
25585
14980
03224
15334
01341
17523
18176
24664
07903
19297
11813
18189
24658
23651
03595
09537
02462
12117
06162
19042
02310
15888
01625
08167
05325
23484
12881
27609
19081
22765
25022
04952
10927
15693
25750
25988
21250
19136
25803
12711
10106
17641
10648
20953
05523
13341
08013
11224
07446
03813
24506
15903
25618
26311
22611
17682
25156
23241
05292
06943
07485
09127
08239
02072
23902
12507
04365
19452
04417
06200
01547
18770
15240
08577
17457
11998
13157
24710
18957
08588
00842
01584
03393
16952
27557
02927
21898
02926
26648
11782
27224
07692
26106
23718
20211
17456
27595
08576
11999
14163
19321
14611
09126
10311
13618
04364
03184
23532
11594
25619
19686
18598
20007
08947
01750
08760
25194
15057
13340
11557
09330
16210
10107
19645
25751
15692
17085
19916
22980
01195
24473
08833
24301
22016
27185
16358
09278
25792
13546
23485
05324
11351
18413
00248
03741
03999
10073
09536
00274
10701
06163
25235
14942
25547
24659
21047
11184
20359
13793
25209
18188
22572
11635
07057
27393
24842
25584
23693
13750
15309
00062
16600
04562
03219