07700
08355
24867
17261
08341
01403
11176
18634
09711
05895
10526
19270
12325
09705
00047
25562
08396
27375
00906
23661
04590
05856
22225
02693
15660
11360
22966
13563
11374
06608
08143
03016
15674
02308
07258
04751
12133
02452
14230
12127
10730
12872
06807
21274
19933
08180
06185
26533
08816
24324
02491
03957
01198
00286
04619
18230
20977
01007
00319
15072
15066
08751
07304
05513
13371
16221
02254
10122
06998
16235
10877
21472
23265
08786
25166
24278
10863
20778
15933
00480
20036
04194
06783
24522
03412
17467
16779
13173
05711
07106
17473
26876
09895
07648
23926
03348
00899
16037
09117
14620
04355
13629
10320
07884
16962
02917
21670
09856
08590
27573
13826
18973
00682
02095
27229
26137
07847
04396
13832
01589
00697
05089
20221
18966
13827
24735
26122
21665
16977
02902
25371
09843
26678
14621
17328
00654
16036
19463
10321
12536
23933
07891
06557
07649
00898
03349
14635
11765
19339
15265
01210
08552
08546
26863
12278
02282
15926
01953
00495
25629
24537
06796
23270
04803
09499
10123
01990
00456
14423
02241
25832
09300
06755
17670
08750
15067
03605
14379
11567
18225
11573
07311
04618
15073
00318
27638
08803
26526
24331
23338
05499
20625
03942
08817
06812
21261
14231
08618
10731
06153
04744
04988
12132
16432
02447
11375
13562
15675
17062
16368
22973
06392
26724
00091
25239
22230
21739
08383
20369
23674
21063
14966
05880
04546
12324
10533
16624
14033
14027
00052
19265
10527
08340
05102
03201
01416
08354
11175
18637
03217
01400
08356
13776
05114
11161
07703
09706
17538
00044
19273
04550
05896
07059
10525
09712
26929
14025
23662
21075
00905
08381
14970
08395
07918
22568
00087
02690
23138
22226
11834
06384
04593
05855
24125
17060
03015
14569
22965
18435
07501
05316
13574
15663
08154
17074
05458
19071
20828
10733
16424
03997
14233
11439
12130
01819
20169
19930
12865
25763
20633
02492
17921
21539
19139
05510
02519
01004
03613
15071
18233
20974
08008
12736
19677
07449
18569
01986
16222
14435
03149
04815
10860
08791
26478
21471
10874
26336
01789
05289
06958
26875
09896
08550
13170
05712
11767
10479
21868
13164
15273
08544
07887
16034
01548
09114
24938
02055
10337
19475
24079
09855
05909
21673
16961
02914
13831
20237
03389
07851
04380
22435
13830
20222
02083
11969
09840
09698
02901
23071
16021
12521
07892
06554
10336
19460
24939
02040
09115
05707
08545
09883
15272
14178
18024
11766
02281
15925
01950
20020
22637
25170
04800
22179
21464
08790
06756
03148
14434
16237
00455
17667
08747
09459
07312
12079
18226
01011
03941
03799
00290
22031
06193
10929
17920
19925
08182
27161
12864
14226
03982
12131
10726
19064
20829
12125
05459
04747
14232
01159
22970
11362
18420
00509
17075
08155
15662
03000
17061
08141
07514
05303
22233
11821
20424
16828
24130
11835
06391
05840
23677
07919
13978
19266
10524
21921
18178
02646
14024
00051
09713
16633
08419
04545
10530
15460
16169
08357
18622
11160
13777
05101
07716
06408
15474
00727
16145
14752
04227
23698
23840
06430
20385
15458
00733
26092
05663
07074
17501
26910
08435
07060
11602
04569
16186
26045
18815
22545
13954
22551
20346
07921
24646
25558
18197
23101
27415
02865
23115
06632
24493
25955
26284
17059
09273
26290
25799
12653
10044
02468
15114
20811
07276
05461
13217
20805
11400
01175
09529
15855
24450
25982
26253
12848
12690
08838
23303
18395
18381
26509
09475
00337
12055
22196
10642
20781
20795
06034
17887
00323
13411
22814
11206
19882
03164
03170
19896
22800
24242
10859
13388
22141
26441
17844
24256
12914
23511
24518
15909
23505
19855
21312
06222
10440
13149
04435
22394
24083
17449
00135
02736
03428
14154
24097
04421
21689
19316
03366
24901
01571
07666
11004
12519
01565
16019
17307
22357
12294
10483
27549
24054
16780
26643
16958
20554
21892
11789
05924
27213
18949
23707
27207
00860
23706
18790
21111
00875
09879
05925
12281
22342
10496
21893
11950
23048
22356
02938
14182
24914
03373
08226
09138
24900
15505
23909
05070
19459
07667
24096
25388
26681
21850
12242
04420
22395
04434
21844
19303
06223
26695
00134
14141
25613
21313
18592
12901
19698
21307
19840
18586
27010
20757
22140
04839
25149
08965
16597
17851
17689
03824
22154
01766
05266
07471
11213
22815
14419
03165
12040
19115
10657
24294
14343
24280
00336
16554
01028
17892
26497
20958
19101
04636
23289
22197
23316
04971
22008
21501
27616
03978
17919
10910
04965
16391
14586
24445
15840
15698
12685
24451
05474
09528
01174
01160
03777
18357
06169
02327
15883
16352
21298
13558
19713
08178
09266
02333
25954
25203
05879
21717
09925
25217
07920
21059
20347
22550
24647
14784
00929
26044
14948
07934
18814
10290
00068
01376
15303
03561
18141
21918
11617
05662
08420
26905
23855
20384
19505
00732
14747
15459
02125
24848
02131
26087
00726
20390
25598
06427
19507
07739
13994
23857
12452
22585
23843
14989
02133
14751
07063
11601
05674
03577
02669
15315
19249
26052
24645
11198
07922
20351
18816
23116
25201
02872
12650
04032
20184
19705
11359
15895
02331
01638
20190
19711
08634
01176
03761
05476
11403
18341
20812
18355
15117
03775
01162
10084
24447
25981
26250
16387
15856
25995
14590
10906
04973
18396
27600
14355
20796
18209
21488
19117
06037
22181
09476
00334
08768
24282
22803
05264
05270
06779
17847
15088
14396
11588
10682
20741
22156
26456
22618
18590
27012
06962
04422
22383
19315
21852
26683
02735
09674
04436
05728
17304
00678
03371
18989
07665
11007
24902
21649
22340
14194
26654
24043
22354
12297
13189
11946
10480
21885
14816
21113
00877
24719
20218
21106
27205
17488
26655
16796
13188
10495
20556
18744
17311
01573
03370
08225
01567
18750
04379
13605
05067
01229
02720
22396
21847
20581
19300
06220
10456
19314
12241
22382
04423
24095
09661
25604
23513
21304
19843
06963
12902
27007
16594
03827
10697
11589
22143
15704
01771
17113
19880
18546
19658
12719
13407
11210
19102
10898
20783
13349
02522
24283
17649
16557
00321
26480
25189
04621
22180
20797
10654
07328
23301
23315
24452
12686
20146
21258
07274
18354
08621
15102
20807
26286
25957
20191
20185
15658
09926
25214
23103
18195
21700
23117
12484
07937
18817
26047
24650
14787
20344
23895
22553
08423
11614
13003
05661
05675
12309
01375
16609
15300
19512
04225
14988
14744
02126
22590
20387
21099
19506
16108
07763
13702
11115
06469
01460
20486
18119
21940
06327
19207
14045
26791
00030
09766
26785
08478
17558
24192
22285
06333
00971
22508
23616
23602
25515
27302
05835
21983
16691
15398
14086
26746
11854
10592
12385
07561
19987
00568
15603
07575
05362
13500
00232
26593
02425
24384
14247
19005
06125
20684
04726
12144
00226
21203
23414
15818
24409
23400
21217
14284
17955
16493
20647
22050
22044
13299
08861
24353
03934
09438
18253
11511
12018
20900
19617
10155
04120
12742
02237
24596
00420
09362
08068
16256
24582
04134
22695
20082
26418
25111
10814
25105
12959
10196
25893
15788
14482
19818
23548
13104
07171
26801
03471
03465
17410
10419
26183
02035
12540
23945
20294
10357
11049
06521
19401
22497
23951
23789
02021
16054
01528
11908
02974
25313
09821
27504
27510
23010
21607
07824
17389
14858
14680
24743
10381
18905
00838
20256
18911
25306
24018
09834
21606
18087
23011
23005
21612
18093
11909
16900
02975
04337
12555
13893
06520
24781
14656
16041
20295
04323
23944
22482
08531
26814
05773
13111
07164
03470
15212
17405
01930
25886
24540
22657
20040
11289
20054
15789
01924
04874
10801
08928
25104
25110
21410
09377
04135
22680
04121
20097
26380
02236
07366
13313
08733
01065
16519
15010
03672
05565
20915
07372
10949
22045
24352
17940
25058
24346
12192
10785
25716
06871
19789
21216
23401
12810
21202
15819
22086
23398
19010
00227
14252
24391
02430
26592
19004
12151
04733
01663
15616
14508
03074
10008
18454
11302
19986
18440
22910
05377
08135
26747
14093
21996
20450
11841
05834
16848
21014
27303
27317
00025
17559
16647
19212
13059
12353
10544
07038
11882
20487
09773
02626
05161
02168
16109
09029
03262
05175
13717
18642
07762
01463
03274
13701
07774
18654
18640
15402
03260
00769
01477
22286
12345
20491
10552
06330
09765
26786
00027
24191
02630
15358
02624
16651
21943
11658
23615
18683
21002
00972
27315
11857
10591
13098
22245
24146
05836
22251
21758
20446
21980
19990
06668
03076
08123
01675
03062
12609
22912
18442
19984
02432
10988
06132
20693
04725
22090
17995
16453
03738
14244
23403
18495
25700
27117
19947
22709
26547
20644
22053
14287
03923
17956
16490
01073
17611
03664
07364
20903
07370
11512
05567
04137
22696
19600
01729
02220
15984
24595
11248
10156
12999
12741
19199
21406
18287
20718
23211
04862
21412
22655
15947
01932
24556
25890
19358
05771
02778
17413
26816
26802
09639
16719
03472
13107
11710
18052
02022
16057
26194
00635
17349
20283
06522
19402
04335
26180
24797
23013
18085
02977
16094
23749
22457
20240
07833
20254
12580
23984
24755
14696
24741
26156
07826
16903
25311
02976
23006
18090
27512
18709
04320
02037
24796
14655
26195
04334
12556
23953
19403
06523
10341
20282
01264
13112
01270
14494
25891
15952
22898
22640
13489
12797
20043
26354
25885
24543
21413
24219
04877
00422
15749
22683
12998
20094
11249
10143
06721
22697
05228
12754
04136
25846
00378
03671
05572
12191
11498
20645
10786
26552
03922
20889
20651
22046
26208
27116
12813
19946
18480
21201
23402
06127
19007
04730
02427
26585
00224
17758
02433
22085
04724
08136
09228
11301
07563
05374
22907
05360
03077
24147
25259
26750
10584
12393
16687
17599
18682
25503
27314
23600
21017
18696
20309
00032
09770
15359
04532
12350
06325
11659
10547
20484
19211
06331
21956
20490
23199
04526
22287
26787
16644
04268
13714
11103
08334
14709
03275
01462
18655
05162
07995
04244
13738
09006
02147
14725
03259
12432
10225
02609
15375
19229
11675
13062
18123
11661
01314
17576
08456
15361
06490
07956
24631
22532
09947
16867
27462
22268
08495
09204
25936
12624
05358
04046
10033
06651
10027
13260
11477
10769
17760
08898
15163
03701
08654
00208
17774
01116
20866
13274
24433
22730
15822
04907
25077
08683
14321
09402
16522
14335
04898
07349
10635
06057
02219
03107
06719
19639
12778
07413
15771
05589
00397
01089
02580
08091
12977
06916
22678
26378
08085
00156
02999
05748
11729
06255
04442
05984
12220
14137
16720
09600
18725
11067
01512
03305
15573
17364
07611
11073
04318
11926
22334
04481
05947
11932
21629
03488
24037
14862
24779
00817
08287
09199
25473
21172
23765
08292
21628
20536
22321
02797
03489
11927
00619
03310
13665
18730
10378
07604
05013
21833
10436
19374
04457
23567
25664
06903
00382
03853
02595
22123
20734
06081
04696
01088
08912
17832
13467
03112
16279
17167
08047
07406
06718
03890
14334
03648
00341
16523
12037
06042
08709
09417
14320
08696
10967
21576
10973
06687
04090
24426
26231
15837
20132
08655
05417
07200
20873
14268
10026
16331
09211
25923
02350
14532
01881
00547
01659
16325
19770
06888
05359
09952
25260
08480
09946
21774
23163
24624
18877
23639
22527
00786
27339
01498
13077
05615
15360
08457
26972
09991
17577
15374
03516
09013
16133
07758
07980
06446
04251
23822
19572
16127
02152
23834
19564
10226
00753
02144
15438
09005
06450
07996
10232
04247
00009
17575
03500
15362
21979
10568
07014
11676
05603
13061
15376
26964
17561
08441
13934
22531
03299
00948
00790
24632
06493
07955
16870
23175
20468
09944
08482
27461
24168
16333
00551
19766
12633
22928
13539
06652
08119
11460
15160
16469
08643
15174
05401
07216
00592
15821
22733
20124
05398
27139
01698
21560
08694
25074
08858
10971
04904
12021
04643
10636
11528
06054
03886
19160
20939
08045
04119
05207
07410
11266
15766
03104
14478
08051
17171
01713
07389
17824
08904
17830
02583
03845
22135
20722
27065
06915
20078
21366
01908
03448
14134
26838
09603
06256
18068
10434
19362
10420
17429
09617
02742
05005
13667
24975
15564
02018
23968
18726
11064
09818
05944
20520
23029
02959
01288
27529
00196
18929
27267
26179
21164
27272
25465
21171
22478
23766
08285
23028
04497
24021
02794
11930
20535
22322
08252
17372
11065
07607
16078
01504
05992
13128
14121
08508
16722
00140
07149
21830
06900
20079
25667
24579
08093
27070
12961
08911
26434
04695
20737
17825
03688
17170
08050
15767
25868
03111
00418
17164
22861
14323
04656
05548
20938
06041
03893
02555
15029
16520
08695
26568
22726
05399
06848
15834
24425
26232
01100
17762
18337
19029
11475
06109
20870
13276
09548
15161
10031
12626
02353
01882
09206
09212
03059
12632
06647
20469
02810
16865
09789
16871
27474
11878
14928
00785
18874
20333
07940
21039
06486
00949
24627
08440
17560
09986
01302
03515
11663
13074
05616
02151
10233
19571
10227
11139
09010
17237
15420
13737
19568
06448
18676
13723
23838
15434
03256
17223
01441
12373
10564
09753
16667
17579
25520
26029
07781
07959
18879
22529
23623
03295
26773
02809
07540
01643
03054
14528
15636
11336
14266
09551
08897
11478
10766
12171
00207
08883
02410
06845
07583
25722
24428
01858
23421
22065
03915
17960
18272
20935
11524
05551
02558
15024
08713
22878
12763
19636
00401
16263
03108
09357
06702
10160
13469
12777
03849
03691
00398
21430
04698
23227
22139
05592
10821
22663
26377
15965
06919
04459
03450
00159
08505
01247
17431
08511
05753
07144
14676
02014
16061
10376
19434
12561
12575
10362
06500
14662
24979
01284
16920
02955
25326
27531
06299
05790
22461
21168
24762
08288
26175
09196
18924
09197
14878
24777
25469
00819
26160
21169
07810
13865
16935
09815
02798
03486
21627
20539
05785
27524
23971
05008
24978
09140
16060
04302
11069
06515
03445
02983
15227
17430
07151
21828
08504
17424
26821
20061
23568
26362
09381
15970
10820
21425
23232
17829
26438
00399
05587
04841
04699
16276
17168
00414
14461
19623
07409
25870
16262
06059
01050
15025
02559
12038
10968
08699
17961
26564
24373
25079
20667
27120
25737
12825
07596
06688
15838
03082
01695
06111
12164
08896
09550
15179
10767
08100
07555
13520
13534
11323
08114
01656
15623
24171
11874
09791
07794
00789
01497
26028
04289
22528
08458
09746
04504
06313
10565
07019
18139
02607
09752
16672
05140
23839
06449
11135
19569
24830
02149
03243
15421
00992
08316
18663
13736
08300
00984
18675
07999
08314
10573
21976
12364
14073
02611
01318
09744
16670
09988
12370
04512
10567
06305
02188
14932
23620
21037
06488
07782
05195
25523
14926
22264
11876
20473
24167
09793
11862
22927
11335
19769
01640
01898
03057
07543
11321
12628
00204
08880
02413
06107
07219
04710
12172
03719
14265
19972
27136
25721
04089
03916
22066
17977
15027
08710
07345
11527
04658
08704
00358
17624
03889
15033
06701
04116
00402
16260
02215
15769
25127
02598
24239
05591
10822
20739
21433
23224
01085
26374
24563
15972
06259
17432
08512
02759
15225
15231
02995
16738
09156
14661
12576
10361
19437
23967
03309
02017
09142
07184
25325
09817
16937
01287
00199
02956
03490
22338
21631
24761
26176
07806
13873
13867
18932
20275
13866
26163
22477
20260
18927
27527
16922
09802
26639
07191
23033
16936
09816
03485
02943
06516
07608
10374
03308
02002
17369
00615
19422
12577
09619
08507
05745
13127
19378
03446
02980
02758
08513
26361
09382
22675
15967
01912
07393
10837
25132
03687
02599
01090
23231
11268
04103
19620
16275
00417
07350
13325
04659
05547
17625
00359
01053
15026
03644
13331
20923
18264
22073
03903
08842
23379
03081
01696
19967
22729
12832
23437
27123
07218
19026
14264
02406
16467
08659
10770
12167
04705
15620
03042
06648
11334
06890
09792
11877
05802
24172
08498
21022
00952
14927
02189
24628
06489
20328
07797
02604
16671
21963
04507
06310
10572
16665
11122
04249
01457
00991
17235
05143
13721
10228
07754
18894
08339
02172
14710
00771
09033
18880
10204
07778
23816
17543
26946
03536
02628
21797
19208
21783
11640
12349
23194
25283
09769
26952
27494
08477
20310
07977
22507
23619
24610
26007
22513
07963
15397
14089
26985
16846
27443
23143
13094
11683
27457
26749
25240
14512
02370
01679
00567
19988
04073
10006
25903
02364
15618
20853
23382
05423
15156
14248
03734
17741
01123
17999
11442
21581
07220
26205
24412
22705
20112
24406
01876
26211
04926
23341
20648
20890
21556
25056
15195
25042
16488
13296
12017
06062
08729
16503
06076
04661
11244
07426
21393
18512
07432
22842
23584
05225
25693
15750
03132
15988
01725
16259
26417
17806
19803
11287
23553
22881
21350
09635
10402
04477
12215
04463
06274
21813
00163
16701
02774
07624
18704
05033
13889
13651
24943
25485
08271
17345
00639
03330
24957
15552
14894
23786
07630
18710
21191
22315
05972
19383
20516
22301
23751
13692
11085
24980
14857
17386
21152
24995
12599
20259
25447
00837
26600
24003
26614
05973
03331
01526
26199
11053
21190
04338
13644
23787
21184
18705
10359
14659
03325
11709
12200
09620
00162
16714
14103
02761
06936
23546
13485
25651
26358
15786
14498
23552
22894
22116
17813
23585
07433
21392
09378
01724
08066
02239
15745
01730
20098
21386
12002
06077
19157
10615
13308
14301
00374
17608
16489
23340
18498
01877
24413
26204
01863
19792
03721
15143
25080
01136
07221
21580
20846
05422
13240
07235
11457
08660
25094
19745
02365
00572
04066
05378
10013
21999
22248
25241
15382
27442
02832
25255
21755
07962
20305
22506
07976
19590
20311
27318
23195
05634
07023
16890
17556
15341
03523
25296
08462
11655
07037
13042
16112
00770
14705
23817
18659
19547
18881
10211
06473
11119
19545
16104
14713
18897
19551
26951
27497
08474
07021
11643
13054
05622
18115
26945
17540
15357
25294
22510
26010
24607
14908
09971
26992
27454
13097
21743
11680
11858
21757
20449
23140
15394
02830
17583
09232
25900
07579
06667
06673
04064
14511
17018
13256
05434
09568
25096
17742
20850
19009
23381
24405
01875
26212
20105
22712
20111
26206
15814
11482
13295
08879
17781
14288
20893
21555
11509
02575
16500
00362
05568
03131
17144
18511
22841
13450
23593
11247
10159
08070
01732
19196
21409
26400
03870
24217
24203
26414
16299
27044
12799
23544
06934
21347
12955
27050
00160
02777
14115
19343
21804
10401
02763
08528
05024
09178
01524
17346
01530
27291
21186
06539
23791
13652
20515
22302
05965
11904
27508
23746
15592
24997
17385
27246
00821
14841
00834
17390
13848
13684
11093
21150
20500
23009
02979
19395
17353
01531
14882
24941
02038
03326
05031
23948
21187
20299
18706
07626
24955
16059
04475
19342
06262
17409
14100
10414
07168
12203
01928
15785
25652
27045
23545
22883
03865
20702
10819
03871
08924
05233
15746
25685
01733
25849
05227
13445
07430
02560
16515
20919
19140
04677
04663
12001
11508
10616
00363
15008
14289
20892
10789
04924
23357
22049
21540
03939
25040
19791
22707
24410
26207
24404
08663
03736
25097
23380
07236
18316
10992
11454
18302
20845
12149
23394
03722
16449
17757
19752
10010
08139
17019
00565
25915
03078
14504
18458
22908
13082
05838
23141
11695
09964
02831
25256
02825
25242
15381
16688
26993
21742
26005
24612
13900
07975
20312
19587
18699
24606
11656
18114
23182
05623
08461
01323
01337
15342
03520
22288
18100
02170
24809
10212
18896
05179
04267
19544
16111
00773
14706
23697
22589
15443
14985
17254
27383
23683
05122
21094
07735
14007
16610
21902
11619
19245
04566
10513
21916
06371
19251
00066
23654
16189
27354
15480
25543
14946
25557
27340
11194
05877
22210
19286
21719
18198
20407
05863
24113
01634
03023
22953
23495
21282
18417
07537
11355
06629
21296
22947
25796
01620
27181
08162
18359
16412
03779
14205
00264
09526
10711
13218
04764
12106
25741
27156
06826
22748
13581
12847
11396
25755
14588
20605
19084
03962
26506
08823
10895
13344
26499
08764
14359
25184
18205
07325
25812
00462
09320
06775
11209
04176
19899
00476
16214
02261
14403
23244
10856
25153
15084
17693
23250
01967
22600
20003
26843
09678
25392
13146
05724
11989
07127
05730
15245
25386
03427
27591
01230
12502
10315
09122
16016
00674
18985
06563
23913
04374
02936
26658
21651
11792
23052
26894
16957
02922
14198
15286
18952
07872
22402
13807
18946
19480
20201
26117
07867
13812
22403
07873
19495
26103
24714
11787
25344
27553
17484
25350
13609
04375
23912
10300
23906
02076
14614
16003
05731
07126
06238
26856
25393
16759
21693
12259
23084
15913
21308
18589
24258
25146
04836
10843
11585
04822
23245
15091
25152
16598
19640
25807
09335
00477
14416
11208
19654
25185
01033
07324
10658
18204
23286
22198
21491
20957
18210
01027
19091
20610
23319
19085
10089
22985
25754
26249
27157
25998
23457
22991
19907
06827
21240
16407
00265
17719
14210
06172
19052
07278
06166
04771
00271
23480
22946
05321
21297
19708
07536
25797
03036
25783
08177
09269
11340
07522
13557
22205
05862
24106
20406
22211
17282
15495
23641
21056
20348
11181
25542
27355
00932
21917
04567
02670
09731
12311
06364
14748
03234
14990
15456
27382
21095
23682
05137
07720
21081
08375
23680
13743
05121
08363
24851
25597
24845
03222
07722
23694
09727
12307
04565
10510
18158
21901
19246
03578
23643
13780
00924
00930
17294
14945
22549
21040
18819
26707
20410
11815
05860
22207
20404
16808
09928
14548
01623
08161
07534
10048
22788
05337
22950
23496
07520
15642
06170
05479
16411
15118
02464
14206
19044
27141
24448
22987
11395
21256
23455
20612
10909
26505
08820
03975
20606
19087
23290
18206
20941
21487
01031
17653
02538
15044
03632
25193
09479
18212
20955
11550
21493
10896
05525
23284
08029
02262
14400
13409
06776
10114
07468
04161
12703
02276
00461
21444
10699
23253
04834
25150
13384
23247
15905
24500
01970
20000
19681
22617
23509
15246
21685
10458
23086
04439
05727
21691
26840
08565
01227
25391
03430
18986
23910
04377
14602
02060
16015
09121
02074
04363
06574
11008
27551
16954
15285
20558
21646
21652
22415
07865
26115
14819
13804
20203
19482
26114
23044
16799
25347
02920
27550
11784
21647
05929
23050
14617
16000
19455
18993
06575
04376
09134
07131
21848
21690
05726
23087
25390
16982
17444
26841
00138
27593
14159
05732
07125
11747
19694
22602
15910
01965
19680
15092
03828
21451
23246
08969
19657
16202
25810
03169
14415
09336
08028
17108
10101
06763
19643
13408
01024
15051
03633
20954
21486
20940
06039
07327
05530
08772
26510
19092
20613
24313
23454
12851
19904
06824
11380
15694
01839
19910
21257
23440
02465
09530
00272
19045
04772
19051
16404
00266
02471
11343
23497
12892
03021
08174
01622
14549
03035
23483
22945
21294
10049
18415
19284
22212
24105
09929
16809
02868
20411
27356
26048
07938
13795
23642
13959
21055
25555
14788
04570
12312
06367
10505
00070
26909
09732
02673
00064
17518
16606
21914
04564
13018
01434
12448
05134
23695
20388
18617
21096
19509
23859
23681
03237
02129
15455
17242
24868
06411
12464
23875
19525
00712
16170
15479
14767
13020
26925
08400
00048
02887
03541
04548
11623
26064
08399
24673
20367
13975
09093
07096
20429
09905
25237
24129
09911
21723
12666
10071
09246
14571
25974
03019
07519
18439
13222
04986
11435
07257
13236
03743
08616
01154
06808
27178
26266
01815
09291
20165
08819
07294
23336
21521
10924
01197
26528
00289
03780
03958
00316
20978
12060
04602
11569
13430
22835
03145
08010
13424
04158
07451
17871
03804
22174
20763
24277
09483
17865
19860
21327
27024
06954
07492
12276
19323
00114
16776
26879
09642
06217
07109
10475
04400
12262
00896
17332
08212
02059
23929
11025
15531
11964
23068
02918
26662
09859
00855
23732
05087
07848
14834
21130
04398
03391
14835
25424
05092
16978
20574
23069
11965
27569
09694
02919
24060
16039
03352
17333
11024
07646
13633
02716
21871
18028
19336
10460
06202
12277
04415
14160
09657
16777
21332
19875
06799
07487
06941
12934
01948
20776
09482
24262
26475
03150
22820
04159
05253
13431
07444
19134
14376
00303
14362
05509
06000
10925
23323
21534
24464
23479
20170
09284
27179
15875
07242
11420
08617
15134
17723
08603
19068
20831
09253
25961
03018
12673
06606
18438
07518
10064
02312
14570
09247
16830
27435
05694
21736
23121
24128
09904
26071
09092
25578
24666
20372
26930
00049
21939
13021
11636
18174
17521
01343
15336
11178
06404
01419
16165
00707
14772
02110
12465
10272
19530
03218
23876
18638
10270
14770
08359
09047
13037
18162
11620
01355
17537
08417
02884
19268
05641
05899
18823
22573
07917
27379
24670
21720
23137
22229
16832
09906
02304
16371
01619
05319
06610
11422
13221
04985
11436
07254
08601
15136
20166
15863
24472
26265
09286
01194
20628
04946
05480
24328
25036
27621
08985
14374
12063
07308
19122
12077
16577
00315
13427
05245
12739
06994
07452
15724
01751
19678
18566
09480
23269
22177
20760
17872
09494
03807
07491
22639
05286
04198
12922
25630
26339
27027
01792
12936
19863
10476
12261
16761
09641
16775
02700
10462
15532
13625
18764
00895
17331
08211
03344
14638
15526
21668
09682
25368
09696
20562
22375
27225
25432
05084
07693
20238
02099
00856
27230
24739
14822
25427
02098
03392
21133
08589
26674
24063
05913
11966
22360
10339
13630
05052
24922
00880
15533
03351
11033
09654
10463
06201
12274
04416
10477
16760
14177
02715
25625
23526
26338
01787
03190
26476
09495
17867
03812
22162
20775
08012
05250
13432
06759
18573
13426
17126
06003
08748
08990
09456
14375
03609
00300
08984
16562
19137
18229
20629
03796
27634
10926
22764
20173
21279
26270
18375
20832
15137
17734
15123
04990
04748
07241
11423
02311
01618
19731
12670
06605
14567
25962
09907
22228
05697
07080
27436
09913
00089
18836
09091
24665
07902
01340
15335
02891
05898
19269
18177
11621
07043
13036
05654
08416
09708
00704
02113
09052
16172
10265
12472