01417
03200
11610
09739
17507
15310
06422
10240
13749
23852
22594
02122
00735
17249
08369
09077
26094
16157
05659
04547
23107
22219
25210
02877
27407
26719
22557
18807
26057
24640
24898
04584
06393
26725
05473
11406
20803
18344
08631
19066
03980
16433
10056
19714
22782
12641
12899
25953
24495
15890
15648
26282
09261
00523
18387
20618
23311
25006
27611
27163
22033
20624
00292
03943
22999
25990
24456
15853
05507
13365
08745
22812
13417
12709
11200
18542
08037
16209
03162
10650
06032
19112
10888
13359
14350
24293
02532
09467
04802
25172
19847
18581
06967
21300
25600
26309
27017
23259
20988
10693
17842
26447
03837
24250
01952
13601
11016
14608
02718
09103
19304
11980
20585
04433
22392
15258
14146
16989
09671
21116
19489
20208
23701
25416
24708
23073
02903
04382
07853
12292
22351
05936
10485
20546
26651
16792
21659
20547
10484
22350
26888
16793
02094
25365
23700
18796
27200
24709
14812
22393
12250
20584
11981
21842
19305
26693
16988
24084
02725
19477
00640
02057
07675
05062
15517
24912
17300
26334
24251
14392
03836
26446
12913
23516
06966
19846
27016
26308
06741
25826
12046
19113
10651
17658
08778
17880
16546
02533
05274
22813
03163
08036
17116
03611
17664
01006
10094
22740
22998
25749
16383
23310
10902
25007
12898
22783
19715
00522
09260
26283
16340
02335
15891
24494
10725
22967
01600
18345
10719
13210
01172
08630
17710
02692
18806
20341
10282
23648
23890
16195
26718
09923
27374
25563
19271
13990
22595
12456
23853
20382
00734
14741
02123
07073
26903
09738
01364
11163
05116
24866
24870
07065
11607
14019
01372
08430
12440
19515
11149
10257
20394
26083
09060
16140
18179
21920
25575
20419
27410
02860
10294
20357
12483
23886
24657
14794
25549
16183
20425
20814
18353
05464
17706
09538
01164
01616
13548
10041
06623
08168
00534
14541
25944
04961
27606
03968
15878
24333
06838
24441
01831
16395
26256
18227
15065
11217
07475
10109
22805
15717
03175
22193
12050
11559
19105
26493
15059
02525
23272
21465
23500
06970
20009
21317
27000
01979
25617
10684
22150
04829
03820
25159
24247
26450
17855
12939
26322
26861
02041
04424
22385
19313
17458
00124
08578
16746
21101
18780
27216
00871
09699
25373
14838
20551
24051
02928
14192
22347
12284
20550
27559
26647
07845
06583
16960
18781
22409
25400
14805
26109
20593
10450
21855
19312
13159
14150
24093
09667
08579
17459
10322
12535
18030
00119
13617
11000
18742
17317
08237
09129
24905
15500
22623
20034
01944
02295
15931
12092
10685
26451
16592
08974
21316
06971
19851
12904
25616
27001
25164
08948
19676
01987
12051
02524
15058
24285
17897
26492
09471
22804
11216
08021
03174
11564
22757
23449
10083
19919
20140
06839
01830
24440
15845
14583
20632
03955
06805
12870
27175
18391
22019
06622
13549
02322
25945
14540
16357
19070
07500
18352
07272
11410
20815
01165
16419
09539
08627
17707
06385
09908
13944
23887
12482
07931
21048
10295
14795
20418
18187
19299
02861
09934
27411
07058
10256
11148
22582
13987
15448
16141
26082
00723
05673
11606
10518
18144
15306
03564
14018
18636
03216
18168
12323
05887
14034
02656
26938
00041
19504
22592
23854
14746
16151
10508
23868
11164
19538
01411
02118
24861
05844
22223
00082
09918
16838
26723
24134
21058
24108
09924
27401
10050
20839
06140
10722
05449
12135
03986
02440
00257
05307
04019
22960
07510
11372
17065
08145
03010
18342
17717
15100
12684
27159
22035
20622
06183
26535
17930
19935
23465
15869
09298
22009
22828
02246
14424
16233
09313
10656
12041
04623
09461
15706
05501
13363
18236
19128
01001
08743
15074
01954
00492
15921
24524
02285
12082
10695
25148
19699
01968
21474
10871
25174
14140
19470
12525
05059
23920
14632
24929
02050
11762
18020
17475
05065
07672
11010
24915
21886
02939
13820
07855
06593
18975
20232
14829
11979
21662
23075
02905
25362
09850
26119
14814
23074
21663
16971
27574
20233
18974
06592
07854
22424
13821
14828
10482
21878
18021
11763
05716
13174
04408
03401
01216
00108
26871
04346
23921
07897
16024
24928
12256
11987
08568
10870
21475
17879
08781
12915
24519
14394
16583
17845
20025
22632
26332
18237
13362
08742
10119
22183
00322
02535
19667
00450
03159
10904
26508
23464
06814
09299
27164
25773
10938
20623
22034
00295
08811
20151
14592
11401
11373
07511
04018
22961
05306
25968
03011
08144
00518
17064
09514
16434
00256
14223
02441
14551
27372
14960
16805
12493
13955
25559
11830
06394
04583
05845
02694
26722
16839
00083
09919
18627
19539
11165
05110
13772
03207
02119
15465
01410
17272
08352
17500
13996
26093
12322
06357
18169
10535
07049
14035
03549
05648
12334
06341
09714
01348
14023
10251
24692
15301
03211
08344
17264
00718
04595
26734
10292
24889
27358
21701
14976
16350
04998
06157
07249
16422
03749
14235
07507
06619
05310
13200
21259
20147
15842
16393
06194
02494
26522
00283
23472
21265
04146
12724
19671
10133
25836
14433
17890
16556
14341
02523
11211
13406
12718
08026
09338
18221
11563
20966
04608
03601
01016
17674
08754
20033
06792
02292
16595
12903
06976
10866
09489
11991
12532
10325
07881
16032
03359
18037
13162
05700
03417
09884
26867
11952
10494
18962
04393
22432
02084
23062
02912
25375
02913
09846
08580
27563
16966
13836
07843
24724
22341
21648
14195
11006
05701
18036
11774
01201
17463
07880
19466
07658
00651
16741
21462
10867
04812
23275
25162
09488
19857
18591
22619
22625
00484
26325
15937
04609
17675
00309
03600
17107
12057
06988
19670
12725
14432
09305
01759
19089
20608
19923
23473
27173
08190
08806
02495
10085
20813
17701
15116
22976
11364
19738
18426
17073
02318
15664
18368
19076
03748
16423
00241
12651
21072
23665
27365
26709
09932
14793
22235
04594
06383
00094
05107
18630
00719
03210
24877
11600
08437
20393
16147
00725
05891
05649
02898
00057
16635
05612
13070
01312
09996
26975
23819
17202
03277
11883
10545
25298
26949
23825
02155
00742
21767
05809
25267
02800
12391
11840
10586
26752
07950
21029
26020
00781
24637
03288
02196
13514
11303
05404
11471
07213
01104
10021
06643
19763
04054
25924
02343
16336
08108
00554
19011
20848
23399
14253
17982
25703
27114
10974
06680
19978
27128
00597
01689
26236
02380
15824
14290
22865
10169
18535
01702
06079
11505
08732
21388
18509
16242
14327
15039
02545
16530
19830
06910
10800
20055
01925
15950
14496
04849
06086
20727
08915
26430
17835
25139
21808
00178
13676
18723
11061
03303
19373
06253
21834
10431
05982
14131
17438
00144
08518
09606
16726
04336
24780
18092
07818
22468
14864
08295
00811
26168
05941
04487
01299
00187
02948
12597
14681
06291
11935
04486
05940
23039
05798
02949
26627
23777
07819
18939
27277
25460
14865
25312
22496
20281
01529
14642
12227
10430
16727
00145
17439
11060
18722
12569
24965
09149
16069
01515
11712
13105
20726
21438
06087
22131
03699
02587
08914
00390
12780
25892
06911
27061
08082
24568
19164
11538
00353
15038
03882
07428
09363
25689
15004
02578
10168
07414
11276
22864
15776
17161
13298
20120
06859
23429
02381
01688
00596
27129
04900
21570
08684
18483
12145
05439
26586
19762
09217
16337
25925
18332
03712
16479
17767
15602
00569
17015
18871
07789
22521
13924
25528
02197
24636
00780
26021
00958
22253
05808
20478
16874
02801
25266
23824
19574
16121
09001
14736
18118
07776
11114
10578
18124
13071
03504
17571
12379
05605
01305
13715
24807
16645
14052
10220
17229
09017
16137
14720
22279
21770
16862
09942
25270
21994
14091
16686
18867
06481
22537
24620
02181
01488
27329
17003
11466
20863
10778
18324
03704
08651
01113
10036
19774
16321
09201
25933
14536
12153
06126
07238
26590
09573
24387
21214
19953
24378
06697
21228
20136
24436
01846
26221
18522
13477
08057
01715
16269
03670
17605
05229
10142
13339
06052
19172
16527
09407
17639
00345
19827
27077
24542
22127
05598
03857
01098
17822
26427
06278
11704
11076
05003
13661
24973
08241
17361
05995
12231
11738
06244
10426
16731
22480
23946
20297
03328
02036
09836
21176
20268
25476
14873
26631
15589
13847
10396
04491
21639
20527
11922
00191
25339
21177
23760
24769
00807
27260
23012
02962
06537
07629
10355
25488
21822
12230
05994
02745
16730
13660
11077
10369
17360
15205
05599
26426
08903
24231
03856
22654
16297
14480
06906
22668
25661
08095
27076
19173
04644
00344
17638
09406
16526
23589
16254
13304
04678
12768
18523
07403
11261
08056
16491
15198
22720
26220
01847
24437
10962
20679
04917
24379
27102
21598
14245
06655
00542
16320
05412
18325
10779
11467
17770
15167
13502
06669
11315
04297
05189
07946
02180
24621
12387
05823
24153
23166
26778
08485
16863
10221
07985
19563
14721
16136
17228
12344
18641
18899
17214
05604
07013
17566
08446
09758
23823
00744
16126
10543
21946
19201
02621
26797
09774
00036
27489
13704
00778
01466
24816
15413
23638
01499
00787
02190
13089
10580
21985
11846
20443
17589
16697
00963
19017
20696
07229
10755
12142
02437
03729
14255
24396
16442
17984
11339
04052
25922
20872
05370
13512
18447
06679
17012
15605
17947
24355
03932
04091
06686
20669
23360
18484
23412
25705
04654
09416
06731
19611
22687
12744
27099
01738
05576
13314
18241
00368
03661
01704
04697
06080
26436
24221
12787
13499
20053
10190
26344
01923
17199
25895
14490
10806
21403
25103
19836
21371
12552
03339
02027
09172
19375
21832
15229
07605
10379
05760
06269
19349
17402
01260
22452
07822
11098
20245
26152
15598
24745
14686
20537
00181
25467
23002
18095
09826
27503
16906
06297
20244
11099
13856
12590
14687
16090
07176
19348
02768
17403
14678
03304
11728
12553
19406
20287
07638
10344
00631
09173
25499
02026
14644
24787
12962
27067
25670
21402
10807
25102
10191
20052
24552
14491
25894
16286
23229
03847
07412
05205
20907
18240
13315
05577
17615
22686
23598
10152
20091
19610
26386
00427
15994
14452
17629
19943
21204
27113
04906
25076
24368
15823
01856
00590
20654
12180
15189
24354
26543
08866
18446
19980
13513
05371
02378
15604
03066
17013
01671
07214
10768
11476
19764
00553
04721
18308
21589
06136
16443
00221
21760
23605
18693
00962
20442
21984
10581
24142
16696
07957
24630
05167
04279
13705
15412
24817
22296
06320
19200
20481
21947
10542
16655
01329
26796
13739
06452
22280
11892
19216
16643
00021
19558
18646
07766
23808
24801
08333
18134
03514
01303
07799
07941
24626
26031
10597
20454
11851
22243
14097
09978
26743
16680
13908
23613
18685
00974
27313
14901
25504
23161
16864
12155
16455
26596
09575
17993
17039
07202
12169
09549
19996
18450
11312
25909
10781
22055
14281
24342
03925
17788
20130
04910
23405
27105
25712
14336
02554
03892
06726
07438
14444
25841
15982
07376
18256
19148
06068
11514
05561
13303
08723
10178
20736
22121
03851
10187
11299
12790
24544
15799
16290
26353
23203
10811
27071
25666
05039
23940
04327
06530
26186
01539
14652
02030
08509
18732
03312
15570
18040
21819
17415
10391
13698
22445
14691
17398
26145
21170
18083
11919
09830
02965
21603
25303
02964
25471
27266
13841
10390
07834
26144
14690
24753
04468
21818
07161
17414
09158
24974
02743
00154
17428
06531
20290
13882
05038
12544
14653
00626
19820
18294
10810
08939
12949
22652
11298
10186
15798
24545
25883
14486
04859
07388
06096
24237
25129
18525
01712
03105
05560
19149
07377
17602
01060
15015
02569
20086
18519
24586
15983
14445
11529
10637
23404
15808
27104
21561
04087
06690
13289
12197
10958
17789
17951
26554
24343
14280
07571
08124
00578
17004
25908
03071
20864
01114
16468
03703
06653
13538
25934
08118
10743
06121
12154
22097
04736
24380
14243
17992
09574
16454
25277
09945
21005
13909
25505
22242
11850
20455
10596
11688
16681
26742
09979
14096
15388
22530
20327
00791
26965
05170
13712
18647
06479
17212
02179
15405
19217
18109
02637
26959
09762
19565
23835
15439
10558
21785
13051
14058
03524
01333
08471
17551
11134
07756
19226
00011
12401
18892
10216
16101
15408
14716
05828
23151
11685
21746
20458
27451
16854
09974
26997
17592
25246
05182
27323
20464
16868
20316
21008
19597
18851
22501
26001
22930
03040
20855
13247
15150
25093
09579
16459
01125
12617
13509
06662
08129
17009
14500
02362
06110
19965
22059
23347
10955
06879
19959
22717
24400
03134
17141
27082
20921
17633
04101
07408
25871
10606
11518
16511
14306
12944
23541
13482
22887
20048
17182
15795
26363
25118
24206
26411
07150
05747
26820
18702
11040
21183
23794
25483
01535
27294
17357
04465
19352
06272
17419
09627
16707
02772
14110
00617
02000
05784
09800
25332
13694
22449
18919
21140
27257
26149
00830
14845
24986
11915
19391
26607
27519
14879
07804
26174
24763
23018
22306
27518
26606
02968
07838
18918
22448
24987
15582
25441
26148
00831
23024
03492
01285
06501
09154
21814
19353
09626
08538
00164
12548
05034
21182
11041
08276
16048
24944
15541
01246
04869
26410
25119
03860
20075
04855
20049
12945
27040
17183
19145
10607
04672
16510
18529
19637
05550
04896
07347
23583
18515
10149
21394
01722
25694
03914
20101
19780
26216
15804
11492
13285
23346
22058
25051
26558
25723
14273
00206
19743
06663
10001
12616
17008
08128
09236
16316
05424
23385
10997
01124
17746
03733
25092
15151
04048
05356
22500
13905
19596
21009
18688
26000
24165
21035
01483
11684
24159
26996
16855
18893
11109
02175
16100
26969
18677
01440
00986
17222
23193
07025
08470
01332
15347
14059
12358
05624
13046
23185
18113
11651
21792
01324
09778
08466
17546
25292
18661
00990
01456
15423
03241
19543
10201
17208
09036
16116
21751
21989
13085
15392
03282
08499
26764
24173
22516
13913
23608
07966
18846
26016
27308
07557
23393
05432
10981
07225
17750
08670
15147
14259
10017
11309
12600
25912
14517
02375
19027
02407
16472
07594
12827
25735
20659
10942
11484
13293
24359
15184
25047
19796
20117
15812
20665
03902
23595
12990
07423
16248
25682
03123
05546
13324
19621
02201
00416
10611
06073
19153
12006
16506
00364
22648
12953
22890
25899
15782
25641
05585
22674
19190
08923
17803
24211
19379
02981
03447
13898
13640
23783
18715
10349
21194
01522
08260
25494
14891
24952
15557
19345
11719
10407
04472
12210
14107
16710
10375
06517
03484
11094
21157
23740
15594
24749
27240
18098
21619
26610
24007
25319
07812
24775
20274
20506
25318
20248
21156
17382
24748
15595
24990
14853
25456
07185
27533
23966
00601
16063
02016
12211
21803
10406
16711
09631
00173
14106
15218
18714
05023
15556
24953
14648
27282
08261
26836
22107
24210
03877
26375
23225
21432
13494
22891
11283
06927
19807
17194
26349
13319
12007
06072
00365
02572
06700
18270
03650
01047
18502
21383
12749
05235
13457
22852
15998
25683
16249
01735
09369
08077
17157
24364
20116
21208
25708
26201
13292
23351
20880
25046
01682
04711
06106
19754
11308
06674
00563
15608
07224
20843
03724
14258
15146
08671
17751
03056
18847
23609
13912
22517
24600
27309
22265
13084
21988
11693
26759
15393
13709
10200
16117
08329
00775
02162
01319
07740
24827
21793
18112
12359
26942
17547
16881
16659
06472
21967
19220
06300
16675
00017
14062
02600
11132
18670
05147
15432
17225
00981
15340
16891
11867
24162
23625
07793
21032
00942
27325
14937
23157
22249
16852
15383
12163
19036
07208
08885
09543
03708
14274
14506
13241
25095
19778
05351
13533
03046
17033
01889
22063
24374
08846
09580
21218
22711
13282
11495
10953
24348
21224
07585
25724
03085
14300
12765
06710
19630
01719
25877
14472
07340
18260
20927
05557
04891
15022
17635
08715
12981
08067
20072
22665
09386
26365
01902
23235
10827
01094
12573
10364
07618
18738
12201
11708
10416
14880
01533
17351
06248
11734
19368
18076
07156
13123
05999
02748
09190
24016
23989
15585
05782
16926
02953
25335
09807
16927
13693
24759
20265
18922
09191
24765
05998
13122
11735
06249
02991
03457
15235
05032
11047
24942
14117
18739
04310
12572
03319
14665
00610
09152
07382
10826
03682
25123
01095
08099
26364
15976
15989
15751
05556
11523
18261
07341
08714
10173
14473
25876
02211
09344
16264
00406
10601
04674
12016
07584
21225
05393
12837
01693
20649
17783
26210
24407
22062
26562
17967
08847
03912
13532
06659
11325
19779
06881
01888
08112
17032
01650
23383
18315
17740
10007
18329
19037
06117
02417
08884
00200
11682
27456
26990
09973
07792
14936
25533
03292
00943
01485
05813
20463
09797
08489
24163
23618
11641
07751
18671
00980
17224
08304
03251
24836
21966
12374
14063
18895
23803
14711
00772
06317
23829
18667
01450
00996
24820
02159
13040
21019
22262
11870
21025
13929
05193
23632
03284
25525
01493
00955
11694
05839
25257
24149
26986
20878
19021
02401
12606
08138
15141
13524
07551
17024
03051
25928
10978
26574
09597
06868
27118
21233
19974
12821
23424
25733
27124
10617
09420
06707
19627
10165
07419
22869
16272
09352
04886
13322
19169
11535
01040
17622
17150
04879
08925
25109
22672
12969
24565
10830
23222
04845
01083
19800
15784
06511
23961
04306
09144
01518
00606
14101
17408
13646
08266
11723
18061
07141
15223
02987
13861
07814
09187
24773
22316
23008
20501
11092
11938
07182
05795
02944
07183
11939
09810
16930
01294
17384
11905
05970
27509
26617
13860
24772
21839
18060
11722
05757
03440
15222
01257
23784
14896
15550
03332
17347
13109
06510
10372
00607
01519
13492
11285
06921
04844
23223
21434
08918
01082
17838
24564
09390
07356
13323
05541
02548
08703
22868
07418
10164
18538
19626
06706
25861
03118
14464
02206
19154
16501
23425
12820
19975
27125
25732
13294
01860
17970
09596
11332
05347
25929
11440
05435
25083
08677
16307
12175
19020
08893
01109
14262
20448
16844
05192
27333
00954
01492
25524
14921
09780
13914
25518
15356
14048
11124
05151
02158
15424
01451
08313
19236
21971
00001
09743
03508
13754
08374
27397
26089
05644
13026
03553
02895
15331
16638
09718
08406
17526
26923
13768
23873
06403
00714
17268
16176
14013
12489
13797
11180
22238
05687
21731
27426
09903
00099
03590
23668
26076
19292
18365
05452
15127
14239
20188
15655
17042
04002
06615
19735
09240
00502
15669
05491
04957
21527
06198
22984
23442
19912
25769
24477
15872
01807
26260
20956
01026
00338
22833
15721
03143
17136
16228
13378
04604
06013
08758
17678
02513
10103
17687
16599
05297
22628
23536
12933
07480
06946
00489
27036
03180
25621
20771
23278
17863
24503
18775
24932
01542
00884
08200
17320
13152
24098
18749
18991
19325
11779
21862
09888
00112
09650
16770
15279
23720
20229
27220
01581
00847
14832
02088
09877
27552
11962
05917
09693
22371
20566
11963
09692
15287
07697
20228
24728
03397
06204
12271
16771
09889
07668
10314
04361
20599
19318
16995
17453
13621
05043
08201
00885
01543
15536
24933
14628
19683
20002
15907
22167
20770
17862
08942
03817
05296
25620
03181
27037
00488
10857
11591
13386
19898
14402
01769
16215
19132
13379
14370
13437
11220
01755
08765
26498
22761
26261
01806
11397
13580
21526
10923
20638
05490
25026
24338
27631
01190
19734
11368
06614
10076
15668
00503
09241
18358
14204
03778
13543
06628
08163
18364
07244
11426
01153
03744
11817
26705
18827
26077
24660
07091
21730
25230
27427
15481
16188
12305
06402
19522
16177
00715
05645
11630
08407
15330
23696
18600
00729
17255
14984
23858
19508
21097
17243
14992
05653
11626
01353
26934
03544
11168
12461
23864
02114
14776
09041
16161
12313
14789
15497
17280
06399
21726
20438
05690
27431
16834
09914
13964
22561
20376
07911
18831
25568
05874
11801
24104
05445
07252
09519
16439
03752
13555
11342
20809
02470
14212
00267
16405
10060
12677
04015
14560
08149
00515
10935
22039
04798
26539
01186
27627
11381
12850
25742
06819
20160
19939
27169
26277
15865
13353
11544
10882
22824
05243
07454
10128
15736
11578
09451
16203
11587
10841
07497
19871
06951
12924
02289
25636
01958
22171
21478
20766
09492
03801
22603
19695
11020
01555
00893
09109
17337
03342
24925
22398
21849
16983
15252
10302
06560
19332
21875
10470
14170
17479
18979
07859
22429
05096
25420
01596
15291
16940
13810
22367
05900
20570
26667
27579
02909
24070
02908
24071
27578
09685
14818
13187
23736
18978
00851
01597
00689
25421
14824
12266
10471
21874
19441
02061
14603
11753
13144
04438
26699
11021
13636
12528
05054
15521
03343
00892
09108
26302
20767
21479
24267
25179
03800
26470
09493
23520
12925
20029
07496
27020
01781
02288
24529
17691
15086
12702
07469
10115
04612
06005
10667
00312
16570
11237
13420
14429
15045
06818
20161
22776
24461
15864
09295
27168
10908
21243
17097
15680
04799
10934
21531
07290
27626
00299
26538
04014
06603
10061
17068
08148
25964
12104
10713
22789
00528
17054
07253
13226
16438
08606
17726
20405
21069
20377
25569
24677
05691
05849
23130
07086
20439
01391
27430
24139
25227
11196
10288
18159
03579
12460
10277
16160
00702
14777
02115
11627
07045
02883
03545
14039
07737
11155
13742
24688
21910
10515
18149
19257
09722
00060
03569
14015
10267
09050
02893
01342
06439
21086
18607
23691
14983
24840
02139
27391
17252
01430
20415
05865
24115
09939
24667
16825
01381
13949
13791
11186
21045
27352
14940
25545
24883
02313
05468
20818
01168
16414
09534
18411
05326
12882
23487
13544
04038
25948
25790
26299
01626
27187
04992
05454
20171
22766
15874
01801
22014
03964
26514
17911
13587
21253
06834
17087
27144
16399
04951
05497
07280
25021
12712
19647
18559
02267
16560
00302
02515
06983
10139
20788
18217
21496
19109
02529
25196
22612
26312
12935
27030
23242
21455
10850
11596
10688
17681
17859
14388
23901
05078
18997
09124
24908
11743
21680
07121
21858
13154
23097
08574
27597
16992
00128
01236
26689
18773
00882
05911
09695
26676
19492
18954
13801
14808
12289
16951
17497
02924
15280
22438
00841
25430
26139
21642
11959
13196
12288
15281
25342
17496
26893
27555
18955
26105
14809
22377
20560
12539
05045
07652
09119
24935
04429
11742
26688
16993
03420
18996
06570
12505
02070
24909
14612
01579
09125
02702
17469
11597
20992
23243
14389
15097
21326
19861
26461
12908
22613
19685
20004
15901
05521
11554
20951
17643
03636
18564
01753
14438
04603
19646
14404
09333
21520
23337
22029
00288
01196
06835
19915
11391
12698
13586
15849
10919
20602
26515
08830
24302
01155
17737
15120
13545
23486
21291
18410
08165
25791
03030
25949
10702
19040
20819
05469
14202
02460
09535
16415
25975
21044
10299
24882
25544
14941
25236
27421
21078
18821
00908
22203
26703
16818
05131
23690
06438
11144
01431
24699
24841
14982
07054
10528
26924
00713
06376
18148
10514
07068
12303
26918
09723
12315
14002
02660
16615
19532
23862
02112
00705
17279
07042
26932
22598
05127
21091
18610
00739
26098
24857
15452
05872
22215
24102
18837
05696
25220
09912
23645
14957
15491
16198
00922
06604
19056
12103
02476
03768
16403
23490
12895
22956
21287
01631
17053
24499
15644
25787
20833
17721
14228
26271
22003
20614
21244
19903
10099
06823
12856
22995
25744
21536
02489
01180
19650
19888
10112
02270
14412
13369
22822
22188
04629
18200
21481
11542
26488
00329
17655
08775
25181
19693
26305
15917
26477
24260
21330
11581
20984
13396
12088
15081
17696
16588
19334
00103
10304
07678
14604
03378
02066
13143
23080
18016
27580
08563
25397
05053
07644
11026
24923
18943
23043
25354
15297
17480
09866
26885
25426
23730
21127
01591
00857
21655
10488
09867
16947
02932
18942
13817
22412
05907
09683
26660
03345
01552
00894
07137
19309
11755
03437
15255
01220
08562
12512
19447
10305
02067
14605
09898
04833
13397
23254
20985
12923
27026
20761
22604
15916
26304
10885
18201
07321
04628
23297
22189
05536
25180
15043
08774
26489
07453
06995
00314
17668
14361
19889
01778
00466
14413
25816
02271
06188
07296
27620
12857
23452
19902
17091
25745
19094
20615
03972
26502
08827
20167
07255
10729
05442
04984
13220
08600
18407
07527
22957
12894
23491
25786
24498
27191
17052
01630
10715
07269
09522
00512
02305
23644
12499
27344
16199
24895
14956
23136
02846
27378
20403
11806
19282
22214
26714
21090
23687
13744
15453
24856
14995
26099
17244
08364
13778
19241
01368
14003